AluminumAlloy1100 2710 0.33 69000000000
AluminumAlloy2024 2770 0.33 72400000000
AluminumAlloy6060 2700 0.33 70000000000
AluminumDisperse 2700 0.337506427162 70758450267.8
AluminumOxide 3980 0.22 380000000000
CastIronG3000 7300 0.26 101500000000
CastIronG4000 7300 0.26 124000000000
Concrete 2400 0.2 31000000000
CopperAlloyC17200BerylliumCopper 8250 0.3 128000000000
CopperAlloyC26000CartridgeBrass 8530 0.35 110000000000
CopperAlloyC36000FreeCuttingBrass 8500 0.34 97000000000
CopperAlloyC71500CopperNickel30 8940 0.34 150000000000
CopperAlloyC93200BearingBronze 8930 0.34 100000000000
DiamondNatural 3510 0.2 950000000000
DiamondSynthetic 3360 0.2 863000000000
Epoxy 1170 0.39 3940000000
GlassBorosilicate 2230 0.2 70000000000
GlassCeramic 2600 0.25 120000000000
GlassQuartz 2200 0.17 73000000000
GlassSodaLime 2500 0.23 69000000000
Gold 19320 0.42 77000000000
Ice 900 0.33 9550000000
Inconel625 8440 0.31 207000000000
Lead 11340 0.44 13500000000
MagnesiumAlloyAZ31B 1770 0.35 45000000000
Molybdenum 10220 0.32 320000000000
Monel400 8800 0.32 180000000000
Nickel200 8890 0.31 204000000000
Nylon 1140 0.39 2690000000
Platinum 21450 0.39 171000000000
Plexiglass 1190 0.31 2740000000
Polycarbonate 1200 0.36 2380000000
Polystyrene 1050 0.33 2780000000
PolyvinylChloride 1440 0.38 3280000000
SiliconNitride 3300 0.3 304000000000
Silver 10490 0.37 74000000000
StainlessSteelAlloy304 8000 0.3 193000000000
StainlessSteelAlloy405 7800 0.3 200000000000
SteelAlloy1020 7850 0.3 207000000000
Tantalum 16600 0.35 185000000000
Teflon 2170 0.46 475000000
Tin 7170 0.33 44300000000
Titanium 4510 0.34 103000000000
TitaniumAlloyTi6Al4V 4430 0.34 114000000000
Tungsten 19300 0.28 400000000000
Zinc 7140 0.25 104500000000
Zirconium 6510 0.35 99300000000
